20 70
8 9
0 0 0 0 0 1 0 0
0 1 0 1 0 1 1 1
1 1 0 1 0 1 1 0
0 1 1 1 1 1 1 1
1 1 1 1 0 0 0 0
0 0 1 1 1 1 1 1
1 0 1 1 0 0 1 0
1 1 1 0 0 0 0 0
0 1 1 0 0 0 0 0
5 2
1 1 1 1 1
0 1 1 0 0
7 5
0 0 1 1 0 0 0
0 1 1 1 1 1 1
1 1 1 1 1 1 0
0 0 1 1 1 1 0
0 0 1 1 0 0 0
5 4
0 0 1 0 0
0 0 1 1 1
1 1 1 0 0
1 0 1 1 0
7 5
0 0 0 1 1 1 0
0 0 1 1 1 1 0
0 0 1 1 1 1 0
1 1 1 1 1 1 1
1 0 1 0 0 0 0
9 9
0 0 0 1 1 0 1 0 0
0 0 0 1 1 1 1 0 0
0 0 0 0 1 1 1 1 1
0 0 0 1 1 1 1 1 1
1 1 1 1 1 1 1 1 1
1 1 1 1 1 1 1 1 0
0 0 1 1 1 1 1 1 0
0 0 0 1 0 1 1 1 1
0 0 0 1 0 0 1 0 1
8 7
0 1 1 1 0 0 0 0
0 0 1 1 1 0 0 0
0 0 1 1 1 1 1 1
0 0 1 1 1 1 1 1
0 0 0 1 1 1 0 0
1 1 1 1 0 0 0 0
0 0 0 1 0 0 0 0
10 8
1 1 1 1 0 0 0 0 0 0
1 1 1 1 1 1 0 0 0 0
0 1 1 1 1 1 1 1 1 0
0 1 1 1 1 1 1 1 1 1
0 1 1 1 1 1 1 1 1 1
1 1 1 1 1 1 1 1 1 1
0 0 0 1 1 0 1 1 1 0
0 0 0 0 0 0 0 1 1 0
9 7
0 0 0 0 1 0 0 0 0
0 0 0 1 1 1 0 1 0
0 0 1 1 1 1 1 1 1
0 1 1 1 1 1 1 1 0
1 1 1 0 1 1 1 1 0
0 0 0 0 1 1 1 1 0
0 0 0 0 0 1 1 0 0
8 10
0 0 1 0 0 0 1 0
0 0 1 1 1 1 1 1
0 0 0 1 1 1 0 0
0 0 0 1 1 1 1 0
0 0 0 1 1 1 1 1
1 1 1 1 1 1 0 0
1 0 0 1 1 1 1 0
0 0 1 1 1 1 1 0
0 0 0 1 1 1 0 0
0 0 0 1 0 0 0 0
8 8
0 1 0 1 0 0 0 0
0 1 0 1 1 1 0 0
0 1 1 1 1 1 1 0
1 1 1 1 1 1 1 1
1 1 1 1 1 0 1 1
1 1 1 1 0 0 0 0
0 1 1 1 0 0 0 0
0 1 0 0 0 0 0 0
6 5
1 1 1 1 1 0
0 1 1 1 0 0
0 1 1 1 1 0
0 0 0 0 1 0
0 0 0 0 1 1
7 7
0 0 1 1 1 1 0
1 1 1 1 1 0 0
1 1 1 1 1 1 0
1 0 1 1 1 1 0
1 0 1 1 1 1 1
0 0 1 1 0 1 0
0 0 1 0 0 1 0
10 9
0 0 0 0 1 1 0 0 0 0
0 0 0 1 1 1 1 0 0 0
0 0 0 1 1 1 1 1 0 0
0 0 1 1 1 1 1 1 1 1
1 1 1 1 0 1 1 0 0 1
0 0 0 1 0 0 1 0 0 1
0 1 1 1 0 0 0 0 0 0
0 1 1 0 0 0 0 0 0 0
0 0 1 0 0 0 0 0 0 0
6 10
0 0 0 0 0 1
0 0 0 0 0 1
0 0 1 1 0 1
0 0 1 1 1 1
0 0 1 1 0 0
0 0 1 1 1 1
1 1 1 0 0 1
0 0 1 1 0 0
0 0 1 0 0 0
0 0 1 0 0 0
7 7
0 0 1 1 1 1 0
1 1 1 1 1 0 0
1 1 1 1 1 0 0
0 1 1 1 1 1 1
0 1 0 1 1 1 1
0 0 0 1 1 1 1
0 0 0 1 1 0 0
7 9
0 0 1 1 0 0 0
0 0 1 1 1 0 0
0 0 1 1 0 0 0
0 0 1 1 1 1 1
0 1 1 1 0 0 0
0 1 1 0 0 0 0
0 1 0 0 0 0 0
1 1 0 0 0 0 0
1 0 0 0 0 0 0
8 5
0 1 1 1 0 1 1 0
1 1 1 1 1 1 1 1
1 1 1 1 1 1 1 0
1 1 1 0 1 1 0 0
0 1 1 0 0 1 0 0
5 3
1 1 1 1 1
0 1 1 1 0
0 0 0 1 0
10 9
1 0 0 1 0 0 1 1 0 0
1 1 1 1 1 0 1 0 0 0
1 1 1 1 1 1 1 1 1 0
0 0 1 1 1 1 1 1 1 1
0 0 1 1 1 1 1 1 1 1
1 1 1 1 1 1 1 1 0 0
0 1 1 1 1 1 0 0 0 0
0 0 1 1 1 1 0 0 0 0
0 0 0 0 1 0 0 0 0 0
7 7
0 0 0 0 1 0 0
0 0 0 1 1 1 0
0 1 1 1 1 0 0
0 1 1 1 1 1 1
0 1 1 1 1 1 0
1 1 0 1 1 1 0
0 1 0 0 0 0 0
10 9
0 0 0 0 0 1 0 0 0 0
0 0 0 1 0 1 1 0 0 0
0 0 0 1 1 1 1 0 0 1
0 0 1 1 1 1 1 0 1 1
1 1 1 1 1 1 1 1 1 1
0 0 1 0 1 1 1 1 1 0
0 0 1 0 0 1 1 1 1 0
0 1 1 0 1 1 1 1 0 0
0 0 0 0 0 0 1 0 0 0
7 8
0 0 0 0 1 0 0
1 1 1 1 1 1 0
0 0 1 1 1 1 1
0 1 1 1 1 0 0
1 1 1 1 1 0 0
0 0 1 1 1 0 0
0 1 1 0 0 0 0
0 0 1 0 0 0 0
6 10
1 1 0 0 0 0
1 1 0 1 0 0
0 1 1 1 0 0
0 1 1 1 1 1
0 0 1 1 1 0
0 1 1 1 1 0
0 1 1 1 1 1
0 1 1 1 0 1
0 0 1 0 0 0
0 0 1 0 0 0
7 7
0 0 1 1 0 0 0
0 0 0 1 1 1 1
1 1 1 1 1 1 1
1 1 1 1 0 0 0
0 1 1 1 1 1 0
0 0 0 1 1 0 0
0 0 1 1 1 0 0
6 5
0 0 1 1 0 0
0 0 1 0 0 0
1 1 1 1 0 0
0 1 1 1 1 1
0 1 0 0 0 0
10 10
0 0 0 1 1 1 1 0 0 0
0 0 0 0 1 0 0 0 0 0
0 0 0 0 1 1 0 1 0 0
0 1 1 0 1 1 1 1 1 1
0 0 1 0 1 1 1 1 0 0
1 1 1 1 1 1 1 1 1 1
0 0 1 1 1 0 1 1 0 1
0 0 0 1 1 0 0 0 0 0
0 0 0 0 1 0 0 0 0 0
0 0 0 1 1 0 0 0 0 0
3 10
0 1 0
0 1 1
0 1 1
1 1 1
1 1 0
1 1 1
0 1 0
0 1 1
0 1 0
0 1 0
4 3
0 0 1 0
1 1 1 1
0 0 1 0
5 6
0 0 0 1 0
0 0 0 1 1
0 1 1 1 1
1 1 1 0 1
0 1 0 0 1
0 1 0 0 0
2 4
1 1
0 1
0 1
1 1
7 7
0 0 1 1 0 0 0
0 0 1 1 1 1 1
0 1 1 1 1 0 0
1 1 1 1 0 0 0
0 0 1 1 1 0 0
0 0 0 1 0 0 0
0 0 0 1 0 0 0
4 6
0 1 0 0
0 1 0 0
1 1 0 0
0 1 0 0
1 1 1 1
1 1 1 1
7 8
0 1 0 0 0 0 0
0 1 1 0 0 0 0
0 0 1 0 0 0 0
0 1 1 1 0 0 0
0 0 1 1 1 0 0
1 1 1 1 1 1 1
1 1 1 1 0 0 0
0 1 0 0 0 0 0
9 7
0 0 1 1 1 1 1 0 0
1 1 1 1 1 1 1 1 0
0 0 0 1 1 1 1 1 1
0 0 0 0 1 1 1 0 0
0 0 0 0 0 1 1 1 0
0 0 0 0 0 1 1 1 0
0 0 0 0 0 1 1 1 0
3 1
1 1 1
3 2
0 1 1
1 1 0
3 4
0 1 1
0 1 1
1 1 0
1 1 0
2 3
1 1
1 1
1 1
3 4
0 1 0
1 1 0
0 1 1
0 1 0
4 1
1 1 1 1
3 3
0 0 1
1 1 1
1 0 0
4 3
0 1 1 1
0 1 1 0
1 1 1 0
2 3
0 1
1 1
1 0
2 4
0 1
1 1
1 1
1 0
3 3
0 1 1
0 1 0
1 1 0
3 4
0 1 0
1 1 1
1 1 1
0 1 0
4 3
1 1 0 0
0 1 1 0
0 0 1 1
2 4
1 0
1 1
1 1
0 1
4 3
0 0 0 1
1 1 1 1
1 0 0 0
3 3
1 1 1
0 1 0
1 1 1
3 3
0 1 1
1 1 1
1 1 0
5 2
0 0 1 1 1
1 1 1 0 0
3 5
0 1 0
1 1 0
1 1 1
0 1 1
0 1 0
3 4
1 1 0
1 1 1
1 1 1
0 1 1
5 3
0 0 1 0 0
1 1 1 1 1
0 0 1 0 0
4 5
0 0 1 0
0 0 1 1
1 1 1 1
1 1 0 0
0 1 0 0
3 5
0 1 0
0 1 1
0 1 0
1 1 0
0 1 0
4 3
0 0 1 1
1 1 1 1
1 1 0 0
3 6
1 0 0
1 1 0
0 1 0
0 1 0
0 1 1
0 0 1
3 4
0 1 0
0 1 1
1 1 0
0 1 0
8 2
1 1 1 1 1 0 0 0
0 0 0 1 1 1 1 1
3 5
0 0 1
0 1 1
1 1 1
1 1 0
1 0 0
4 5
0 1 0 0
1 1 0 0
1 1 1 1
0 0 1 1
0 0 1 0
4 5
0 1 0 0
0 1 1 0
1 1 1 1
0 1 1 0
0 0 1 0
4 5
0 0 1 0
0 1 1 0
1 1 1 1
0 1 1 0
0 1 0 0
4 3
0 0 1 1
0 1 1 0
1 1 0 0
3 4
0 1 1
1 1 1
1 1 1
1 1 0
4 3
1 0 0 0
1 1 1 1
0 0 0 1
4 5
0 0 1 0
0 0 1 0
1 1 1 1
0 1 0 0
0 1 0 0
