15 60
4 2
1 1 1 0
0 1 1 1
1 4
1
1
1
1
3 3
0 0 1
1 1 1
1 0 0
3 2
1 1 1
1 1 1
2 4
1 1
1 1
1 1
1 1
4 3
0 0 1 1
1 1 1 1
1 1 0 0
1 5
1
1
1
1
1
3 5
0 1 1
0 1 1
0 1 0
1 1 0
1 1 0
2 5
1 1
1 1
1 1
1 1
1 1
3 4
1 1 0
1 1 1
1 1 1
0 1 1
2 2
1 1
1 1
2 5
0 1
0 1
1 1
1 0
1 0
3 3
0 1 1
1 1 1
1 1 0
2 3
0 1
1 1
1 0
4 3
1 1 1 0
0 1 1 0
0 1 1 1
2 5
0 1
1 1
1 1
1 1
1 0
3 3
1 1 1
1 1 1
1 1 1
1 3
1
1
1
3 3
1 0 1
1 1 1
1 0 1
3 4
1 0 0
1 1 1
1 1 1
0 0 1
1 6
1
1
1
1
1
1
2 4
1 0
1 1
1 1
0 1
4 3
1 1 0 0
1 1 1 1
0 0 1 1
3 4
0 1 1
0 1 0
0 1 0
1 1 0
5 4
1 1 0 0 0
1 1 1 0 0
1 1 1 0 0
0 0 1 1 1
5 8
0 0 0 0 1
0 0 0 0 1
0 1 0 0 1
1 1 1 1 1
1 0 0 1 1
0 0 0 0 1
0 0 0 0 1
0 0 0 0 1
4 4
0 0 0 1
1 0 0 1
1 1 1 1
1 1 0 1
5 5
1 0 0 0 1
1 1 1 0 1
1 0 1 1 1
0 0 0 1 1
0 0 0 1 0
4 6
0 0 0 1
0 0 0 1
0 0 1 1
1 1 1 1
1 1 0 1
1 0 0 0
4 7
0 0 0 1
0 0 0 1
0 0 1 1
0 1 1 0
0 1 0 0
1 1 0 0
1 0 0 0
5 8
0 0 0 0 1
0 0 0 0 1
0 0 0 0 1
0 0 0 0 1
1 0 0 0 1
1 0 0 0 1
1 1 1 1 1
0 1 0 0 1
5 5
1 0 0 0 0
1 1 0 0 1
0 1 1 1 1
0 0 0 1 1
0 0 0 0 1
3 2
0 0 1
1 1 1
5 4
0 0 0 0 1
1 1 1 1 1
0 0 1 1 1
0 0 0 0 1
4 6
0 0 0 1
0 0 0 1
0 0 0 1
0 0 1 1
0 1 1 1
1 1 0 0
4 6
1 0 0 0
1 0 0 0
1 1 1 1
1 0 1 1
0 0 1 1
0 0 0 1
5 7
0 0 0 0 1
0 0 0 0 1
0 0 0 0 1
0 0 0 1 1
0 0 1 1 1
0 1 1 0 1
1 1 0 0 0
5 5
1 1 1 0 0
0 0 1 0 0
0 0 1 0 0
0 0 1 1 1
0 0 0 1 1
5 5
1 1 1 1 1
1 1 0 0 1
1 0 0 0 1
1 0 0 0 1
1 0 0 0 0
4 4
0 0 0 1
1 1 1 1
1 0 0 1
1 0 0 0
5 7
0 0 0 0 1
0 0 0 0 1
0 0 0 1 1
0 0 0 1 1
1 1 1 1 1
0 1 1 0 1
0 1 0 0 1
4 7
0 0 0 1
0 0 0 1
0 0 1 1
0 0 1 1
1 1 1 1
1 0 0 1
0 0 0 1
5 4
0 0 0 0 1
0 0 1 0 1
1 1 1 1 1
1 1 0 0 0
4 4
1 1 0 0
0 1 0 1
0 1 1 1
0 0 0 1
4 4
1 1 1 0
0 0 1 1
0 0 1 1
0 0 0 1
5 5
0 0 0 1 0
1 1 1 1 0
1 0 0 1 1
0 0 0 1 1
0 0 0 0 1
4 9
1 1 1 1
1 0 0 1
1 0 0 1
1 0 0 1
1 0 0 1
1 0 0 1
0 0 0 1
0 0 0 1
0 0 0 1
5 3
0 1 1 1 1
1 1 1 1 1
0 0 0 1 1
4 6
0 1 1 1
0 1 1 1
0 1 1 0
1 1 0 0
1 0 0 0
1 0 0 0
5 4
0 1 1 0 0
1 1 1 1 0
0 0 0 1 1
0 0 0 0 1
5 8
0 0 0 0 1
0 0 0 0 1
0 0 0 0 1
0 1 1 1 1
1 1 0 1 1
0 0 0 1 1
0 0 0 0 1
0 0 0 0 1
4 3
1 0 1 0
1 1 1 0
0 0 1 1
4 6
0 0 0 1
0 0 0 1
1 0 0 1
1 1 1 1
0 0 0 1
0 0 0 1
4 4
0 0 1 1
1 1 1 1
1 1 0 0
1 0 0 0
5 8
0 0 0 0 1
0 0 0 0 1
0 0 0 0 1
1 1 0 0 1
0 1 1 1 1
0 0 0 0 1
0 0 0 0 1
0 0 0 0 1
5 8
1 1 0 0 0
1 1 0 0 0
1 1 1 1 1
1 0 0 0 1
1 0 0 0 1
0 0 0 0 1
0 0 0 0 1
0 0 0 0 1
5 8
0 1 1 1 0
0 1 1 1 1
0 1 0 0 1
1 1 0 0 1
1 0 0 0 1
0 0 0 0 1
0 0 0 0 1
0 0 0 0 1
3 5
0 1 0
0 1 1
1 1 1
1 1 0
1 0 0
4 6
0 0 0 1
0 0 0 1
0 1 0 1
0 1 1 1
1 1 0 0
1 1 0 0
4 7
0 0 0 1
0 0 1 1
0 0 1 0
0 0 1 0
1 1 1 0
1 0 0 0
1 0 0 0
